0.718
0.716
0.716
0.708
0.676
0.686
0.750
0.784
0.802
0.804
0.802
0.796
0.764
0.734
0.708
0.700
0.700
0.724
0.768
0.772
0.790
0.852
0.884
0.894
0.876
0.846
0.828
0.786
0.782
0.778
0.770
0.758
0.746
0.702
0.694
0.722
0.744
0.746
0.756
0.752
0.724
0.724
0.736
0.742
0.740
0.734
0.738
0.748
0.760
0.752
0.738
0.732
0.730
0.726
0.722
0.692
0.670
0.678
0.680
0.700
0.704
0.692
0.712
0.708
0.714
0.704
0.694
0.698
0.696
0.694
0.692
0.680
0.702
0.704
0.726
0.716
0.698
0.710
0.710
0.728
0.720
0.704
0.702
0.708
0.704
0.694
0.704
0.702
0.712
0.716
0.714
0.718
0.722
0.722
0.710
0.714
0.718
0.732
0.716
0.704
0.714
0.714
0.716
0.718
0.718
0.722
0.726
0.734
0.736
0.732
0.734
0.740
0.740
0.724
0.724
0.736
0.746
0.750
0.742
0.752
0.752
0.758
0.746
0.736
0.732
0.736
0.734
0.738
0.748
0.758
0.754
0.750
0.756
0.750
0.738
0.724
0.724
0.730
0.740
0.734
0.744
0.764
0.782
0.760
0.748
0.748
0.748
0.734
0.722
0.722
0.722
0.722
0.694
0.692
0.706
0.720
0.710
0.692
0.706
0.710
0.710
0.700
0.678
0.678
0.686
0.684
0.632
0.612
0.622
0.630
0.642
0.656
0.686
0.694
0.694
0.686
0.676
0.674
0.682
0.684
0.678
0.672
0.674
0.684
0.702
0.718
0.732
0.746
0.742
0.754
0.744
0.726
0.696
0.708
0.750
0.810
0.798
0.758
0.736
0.720
0.714
0.698
0.718
0.790
0.906
0.948
0.932
0.916
0.910
0.906
0.892
0.888
0.884
0.874
0.868
0.872
0.866
0.868
0.864
0.864
0.866
0.876
0.876
0.870
0.826
0.790
0.752
0.710
0.704
0.690
0.706
0.738
0.770
0.780
0.790
0.746
0.700
0.720
0.782
0.812
0.816
0.812
0.798
0.786
0.758
0.750
0.734
0.716
0.700
0.670
0.652
0.650
0.652
0.660
0.670
0.744
0.796
0.798
0.780
0.752
0.732
0.750
0.768
0.760
0.738
0.704
0.696
0.698
0.702
0.684
0.674
0.660
0.672
0.670
0.676
0.680
0.670
0.678
0.696
0.694
0.704
0.700
0.684
0.688
0.690
0.692
0.690
0.682
0.678
0.686
0.696
0.704
0.694
0.674
0.662
0.664
0.668
0.660
0.654
0.660
0.644
0.626
0.596
0.584
0.596
0.602
0.608
0.622
0.632
0.632
0.628
0.624
0.630
0.640
0.656
0.666
0.658
0.654
0.668
0.680
0.680
0.670
0.664
0.674
0.670
0.664
0.672
0.692
0.704
0.708
0.706
0.698
0.704
0.690
0.678
0.666
0.660
0.678
0.700
0.706
0.696
0.694
0.702
0.704
0.692
0.684
0.688
0.692
0.688
0.678
0.668
0.672
0.746
0.798
0.830
0.830
0.826
0.826
0.796
0.728
0.726
0.692
0.676
0.670
0.690
0.788
0.906
0.904
0.866
0.844
0.826
0.814
0.768
0.754
0.818
0.896
0.894
0.848
0.822
0.818
0.814
0.808
0.776
0.754
0.778
0.776
0.774
0.770
0.756
0.752
0.768
0.764
0.764
0.750
0.764
0.766
0.752
0.738
0.734
0.744
0.742
0.740
0.726
0.704
0.698
0.720
0.736
0.744
0.738
0.712
0.690
0.678
0.688
0.714
0.730
0.744
0.756
0.750
0.760
0.752
0.740
