0.760
0.590
0.692
0.690
0.702
0.700
0.702
0.698
0.694
0.670
0.660
0.642
0.624
0.614
0.600
0.596
0.592
0.588
0.586
0.592
0.598
0.628
0.664
0.712
0.726
0.712
0.690
0.670
0.660
0.648
0.640
0.634
0.604
0.584
0.592
0.592
0.596
0.622
0.660
0.698
0.712
0.698
0.674
0.672
0.664
0.650
0.636
0.628
0.590
0.578
0.582
0.580
0.594
0.626
0.660
0.666
0.682
0.666
0.652
0.640
0.634
0.630
0.620
0.616
0.618
0.600
0.582
0.584
0.582
0.598
0.636
0.676
0.690
0.680
0.676
0.664
0.658
0.642
0.632
0.598
0.598
0.560
0.572
0.568
0.590
0.620
0.694
0.730
0.732
0.716
0.714
0.712
0.712
0.714
0.692
0.648
0.634
0.624
0.614
0.606
0.610
0.614
0.630
0.628
0.630
0.630
0.622
0.624
0.622
0.612
0.610
0.610
0.600
0.582
0.578
0.584
0.600
0.620
0.662
0.694
0.704
0.696
0.692
0.678
0.662
0.648
0.618
0.594
0.578
0.558
0.556
0.576
0.582
0.608
0.658
0.676
0.686
0.708
0.718
0.728
0.732
0.716
0.694
0.686
0.676
0.658
0.640
0.626
0.616
0.618
0.606
0.598
0.620
0.636
0.666
0.704
0.732
0.762
0.760
0.754
0.750
0.744
0.732
0.718
0.680
0.662
0.626
0.624
0.620
0.626
0.660
0.682
0.684
0.692
0.678
0.662
0.662
0.650
0.632
0.634
0.626
0.634
0.622
0.610
0.622
0.622
0.634
0.666
0.700
0.710
0.704
0.688
0.682
0.668
0.654
0.640
0.634
0.614
0.570
0.582
0.568
0.570
0.596
0.648
0.724
0.788
0.782
0.770
0.664
0.844
0.718
0.738
0.736
0.678
0.660
0.674
0.668
0.684
0.712
0.724
0.730
0.748
0.704
0.728
0.700
0.696
0.680
0.636
0.630
0.672
0.598
0.594
0.600
0.594
0.602
0.604
0.634
0.684
0.668
0.714
0.716
0.726
0.730
0.716
0.696
0.678
0.668
0.670
0.668
0.630
0.612
0.630
0.646
0.674
0.700
0.708
0.696
0.696
0.684
0.668
0.660
0.632
0.610
0.610
0.604
0.606
0.622
0.644
0.688
0.720
0.714
0.712
