0.714
0.698
0.670
0.704
0.748
0.730
0.686
0.696
0.720
0.716
0.690
0.680
0.700
0.700
0.690
0.666
0.676
0.692
0.710
0.694
0.666
0.686
0.702
0.708
0.684
0.678
0.702
0.720
0.722
0.698
0.670
0.680
0.704
0.722
0.714
0.680
0.692
0.710
0.730
0.704
0.690
0.714
0.736
0.748
0.728
0.688
0.692
0.710
0.728
0.714
0.694
0.714
0.730
0.748
0.718
0.688
0.700
0.716
0.740
0.714
0.702
0.716
0.734
0.728
0.696
0.704
0.718
0.736
0.712
0.700
0.722
0.740
0.746
0.718
0.714
0.732
0.750
0.756
0.718
0.706
0.710
0.722
0.712
0.688
0.712
0.750
0.780
0.744
0.744
0.776
0.796
0.744
0.724
0.736
0.738
0.704
0.696
0.710
0.716
0.694
0.696
0.722
0.756
0.748
0.712
0.736
0.750
0.752
0.710
0.708
0.724
0.748
0.716
0.696
0.716
0.748
0.758
0.728
0.706
0.720
0.732
0.738
0.716
0.724
0.742
0.754
0.740
0.706
0.708
0.728
0.754
0.744
0.710
0.698
0.720
0.732
0.740
0.704
0.718
0.748
0.762
0.734
0.714
0.730
0.734
0.746
0.702
0.676
0.694
0.720
0.732
0.704
0.720
0.736
0.752
0.732
0.708
0.710
0.722
0.744
0.738
0.712
0.722
0.738
0.750
0.730
0.706
0.730
0.748
0.744
0.710
0.692
0.700
0.696
0.674
0.642
0.634
0.624
0.632
0.668
0.702
0.716
0.700
0.724
0.732
0.738
0.702
0.678
0.688
0.704
0.716
0.728
0.696
0.688
0.708
0.728
0.730
0.676
0.670
0.704
0.760
0.758
0.758
0.744
0.724
0.716
0.702
0.672
0.642
0.654
0.664
0.696
0.736
0.766
0.788
0.790
0.772
0.734
0.678
0.690
0.684
0.680
0.690
0.706
0.710
0.690
0.692
0.698
0.684
0.664
0.666
0.682
0.702
0.730
0.752
0.760
0.730
0.676
0.704
0.720
0.732
0.744
0.742
0.708
0.696
0.704
0.716
0.728
0.740
0.702
0.684
0.698
0.714
0.730
0.750
0.760
0.762
0.758
0.716
0.672
0.678
0.684
0.692
0.724
0.760
0.782
0.792
0.762
0.762
0.778
0.774
0.770
0.714
0.662
0.662
0.662
0.682
0.718
0.754
0.772
0.772
0.720
0.704
0.716
0.736
0.752
0.760
0.730
0.700
0.710
0.728
0.730
0.738
0.740
0.742
0.744
0.706
0.694
0.706
0.718
0.738
0.746
0.754
0.746
0.754
0.718
0.686
0.674
0.684
0.718
0.734
0.746
0.736
0.710
0.716
0.720
0.722
0.704
0.682
0.698
0.704
0.712
0.702
0.642
0.648
0.666
0.696
0.728
0.730
0.740
0.724
0.662
0.656
0.658
0.666
0.680
0.688
0.688
0.660
0.668
0.688
0.708
0.724
0.700
0.664
0.666
0.668
0.668
0.680
0.686
0.664
0.636
0.668
0.690
0.744
0.708
0.680
0.634
0.658
0.674
0.698
0.726
0.724
0.668
0.658
0.672
0.656
0.668
0.640
0.616
0.624
0.612
0.594
0.620
0.616
0.592
0.608
0.632
0.604
0.604
0.644
0.638
0.648
0.638
0.654
0.662
0.672
0.642
0.622
0.628
0.648
0.656
0.622
0.600
0.618
0.650
0.664
0.650
0.638
0.656
0.672
0.682
0.654
0.636
0.646
0.646
0.640
0.622
0.624
0.644
0.662
0.666
0.650
0.674
0.688
0.692
0.676
0.654
0.678
0.694
0.714
0.702
0.676
0.660
0.676
0.686
0.688
0.660
